4000 1
1.69
4.46
3.03
2.95
6.37
4.18
1.97
6.54
1.10
3.07
8.81
7.78
0.85
9.24
9.03
5.21
6.54
7.34
3.69
5.23
8.36
1.24
1.55
6.80
8.05
7.18
0.48
7.78
6.43
1.68
9.93
8.12
6.15
2.95
1.07
2.51
7.13
3.05
9.05
8.23
6.12
7.85
6.02
6.97
7.10
5.04
2.18
3.64
2.38
5.87
8.86
0.74
7.11
0.41
7.55
5.15
7.60
8.03
2.93
4.03
9.71
2.86
2.15
5.86
5.81
3.22
8.37
2.94
6.27
7.42
1.18
2.39
5.27
7.20
9.37
2.37
2.24
1.55
6.00
4.62
7.42
4.87
5.37
4.53
5.28
2.92
9.68
2.88
0.94
2.61
6.91
0.66
5.47
9.06
6.51
1.28
2.28
4.88
4.22
8.55
2.30
5.40
0.95
7.57
2.60
0.31
9.93
4.84
1.86
5.94
9.46
9.28
0.80
4.83
3.81
6.09
7.74
3.49
8.97
8.69
6.10
5.88
9.34
1.57
4.94
5.86
2.85
7.22
0.74
7.07
5.77
3.03
2.47
6.72
0.60
5.07
7.03
0.54
9.90
8.90
6.47
9.36
8.18
7.28
4.19
1.99
3.36
1.93
5.48
2.33
0.62
1.58
8.20
9.96
3.15
3.14
5.82
6.00
0.36
6.55
3.07
6.13
9.59
5.54
2.85
0.19
0.60
9.89
0.72
0.51
8.78
7.20
9.87
6.96
4.47
4.05
8.95
7.84
5.99
4.43
0.17
6.60
6.01
8.37
6.56
9.16
1.51
2.38
5.15
1.87
8.93
8.22
8.00
8.52
3.76
0.85
8.70
4.36
0.74
9.43
4.86
9.52
6.62
4.73
6.48
1.10
8.79
5.44
8.93
4.77
9.86
9.10
1.37
5.87
7.47
7.94
5.03
8.98
0.32
0.18
0.85
9.25
8.40
8.85
7.76
2.16
9.70
6.46
6.52
0.44
5.89
1.38
9.96
2.51
6.11
6.45
3.61
4.90
1.88
2.54
9.67
1.75
1.64
1.05
7.62
9.11
8.98
2.65
8.09
9.30
2.84
8.94
8.55
1.24
7.79
6.31
3.40
7.49
2.77
9.92
7.93
8.66
1.30
7.90
1.17
7.41
4.34
4.78
2.31
6.23
7.31
1.98
7.98
8.95
3.03
5.60
8.06
2.01
8.25
6.15
1.31
1.09
5.08
9.85
2.33
2.87
6.16
5.73
0.36
8.93
5.65
8.29
7.59
6.94
6.19
8.76
4.35
0.53
3.54
6.66
6.76
0.85
8.64
4.74
9.80
1.67
0.34
7.86
3.68
8.59
4.01
4.99
9.69
9.10
4.84
2.02
1.97
1.00
7.75
2.33
9.93
3.40
0.62
7.52
0.34
6.80
6.28
4.70
7.34
9.82
1.36
4.10
0.67
0.01
8.83
0.47
1.67
9.17
8.34
5.35
7.76
2.35
0.34
7.45
1.44
5.18
9.47
3.41
6.17
7.22
5.74
6.10
0.61
6.35
3.62
0.96
3.16
9.90
5.65
0.49
9.72
7.01
4.59
0.39
7.02
3.42
0.86
8.69
2.59
9.20
4.05
0.35
1.55
4.38
7.80
2.99
9.56
7.27
6.40
5.73
4.48
2.14
1.84
5.10
8.49
5.46
6.05
1.65
5.36
1.71
2.14
5.09
8.72
6.73
5.48
5.74
0.15
6.34
4.43
2.74
5.54
8.48
3.10
7.09
2.86
0.90
0.08
2.42
8.16
6.48
8.15
2.64
8.62
9.99
7.74
7.11
5.45
3.79
8.76
0.81
5.50
0.90
5.90
4.22
7.63
1.37
9.96
7.79
7.71
4.39
0.53
3.25
2.87
3.63
0.34
5.73
4.53
0.42
8.15
2.69
6.90
6.30
5.33
5.52
6.29
3.07
2.62
1.73
6.87
1.38
2.54
2.36
2.28
8.44
6.58
9.91
9.81
6.54
7.70
7.53
0.93
8.23
0.78
3.80
1.85
1.12
9.53
6.38
1.54
7.68
9.07
8.44
3.98
4.40
3.95
0.27
7.48
6.58
2.00
4.34
7.95
4.54
6.71
0.23
2.98
3.29
0.14
2.79
9.82
7.84
0.32
0.75
6.06
1.10
4.55
7.92
2.22
4.08
4.30
3.76
1.76
3.37
2.20
5.74
7.77
6.16
6.01
5.25
2.73
8.01
9.60
0.69
2.55
6.30
0.92
5.53
9.59
1.06
8.32
9.42
8.90
8.64
0.17
4.96
9.74
4.72
2.88
1.97
8.80
7.17
5.73
0.57
0.54
7.93
6.31
8.32
4.09
2.32
3.57
6.82
0.32
3.16
7.51
2.87
9.47
8.43
8.40
9.06
9.49
6.73
8.48
8.39
5.37
8.65
3.35
5.11
3.37
6.22
7.08
2.17
3.40
2.81
2.74
3.94
0.74
9.05
2.25
4.83
1.36
5.82
1.65
1.69
8.98
9.16
4.56
8.45
7.59
2.96
7.51
7.09
9.69
5.99
5.47
5.06
4.64
8.82
0.17
8.01
5.04
7.25
0.19
8.44
0.06
2.93
2.37
0.80
1.98
4.63
5.63
3.34
0.45
7.28
5.03
9.43
6.45
9.59
7.88
4.04
2.55
5.40
1.13
2.24
1.39
6.60
7.30
6.03
5.42
7.47
4.05
0.46
4.72
4.24
8.89
4.78
7.17
1.27
5.58
9.14
5.89
1.21
2.48
6.34
8.49
7.51
5.77
4.94
7.09
3.65
8.98
9.64
9.05
0.10
1.88
0.44
6.70
9.18
6.47
2.12
6.64
0.52
2.57
1.36
4.76
1.46
6.14
1.92
2.73
1.72
1.06
8.62
2.92
3.54
4.96
1.41
1.05
0.73
6.35
8.14
4.38
5.33
7.78
3.42
5.43
9.66
3.86
2.13
8.84
0.34
4.24
5.48
0.86
6.82
6.84
5.61
8.28
2.98
7.54
1.01
4.70
8.60
9.63
7.62
2.14
4.59
9.04
3.19
5.31
5.38
1.33
9.69
0.71
9.12
3.11
6.14
8.78
6.98
8.27
7.63
7.31
2.51
3.11
8.17
9.32
9.95
3.78
7.61
2.94
1.32
8.62
7.64
9.92
8.25
5.26
2.06
2.84
4.29
5.26
8.15
9.68
6.59
7.84
0.39
5.71
0.96
6.53
4.50
7.93
4.79
2.12
5.25
7.30
5.23
3.41
6.63
5.19
7.20
4.23
8.12
8.52
2.85
5.76
8.44
1.10
1.02
0.50
3.93
5.31
5.76
2.08
4.99
2.35
9.92
5.38
8.07
0.88
1.91
2.56
8.81
6.70
4.68
4.06
4.00
9.92
7.47
0.63
5.10
4.67
4.86
3.23
3.19
7.71
8.99
1.63
8.80
0.01
2.13
2.74
5.32
7.89
4.82
0.31
0.25
4.74
5.69
8.31
5.62
7.60
0.88
4.44
4.30
5.56
8.49
8.31
5.47
5.97
8.94
0.58
0.64
3.80
3.80
3.83
1.51
2.79
5.45
0.31
2.79
7.59
3.05
8.11
5.48
7.87
8.42
5.73
2.61
4.11
4.04
8.24
1.72
4.92
2.67
6.02
0.47
1.17
4.33
5.95
7.13
3.27
6.52
7.77
7.06
0.33
1.59
8.57
3.11
7.05
8.88
5.91
4.63
1.93
4.02
0.11
9.80
2.44
5.84
2.41
6.55
9.88
0.65
8.27
4.79
3.32
4.29
5.27
4.48
8.62
1.22
1.62
1.88
7.74
9.38
8.95
8.07
0.98
7.52
1.18
8.03
6.40
7.09
2.66
8.33
1.10
2.77
8.13
3.54
8.61
0.54
0.09
8.49
1.19
8.36
3.28
4.50
2.65
8.55
8.99
1.27
9.77
0.60
3.15
7.51
9.99
2.10
5.58
0.96
9.62
6.76
8.99
6.02
3.85
1.65
4.35
4.95
4.42
2.48
8.49
3.03
3.02
8.59
1.52
4.21
6.95
4.80
8.71
9.60
3.35
7.70
0.87
3.11
8.30
4.02
0.62
8.29
6.12
6.20
9.25
5.74
2.96
8.24
1.76
6.81
9.89
6.11
1.76
4.31
8.58
0.26
7.34
1.60
8.84
8.85
5.81
5.79
3.65
4.52
5.39
6.99
2.21
6.26
0.11
0.51
0.28
0.73
8.80
6.40
6.93
8.05
2.14
9.90
6.29
3.90
6.71
6.18
0.00
8.47
0.49
8.59
8.73
7.82
0.19
7.57
6.67
6.00
3.37
0.32
0.52
8.76
7.32
2.73
5.02
7.43
3.25
5.30
8.16
2.04
1.70
5.09
0.09
3.84
4.98
6.38
7.74
1.69
2.55
7.74
0.16
3.04
6.33
8.89
0.86
6.52
6.46
7.54
2.52
9.83
7.86
3.04
8.58
5.18
5.78
3.60
2.61
9.02
8.90
0.76
1.07
0.60
5.85
1.16
4.44
0.84
7.53
2.18
2.53
0.09
9.93
2.69
3.13
6.26
1.58
3.99
2.78
8.04
1.53
5.31
7.87
9.39
8.35
6.46
4.57
4.13
0.06
7.18
3.15
8.96
7.94
4.22
9.56
3.79
5.37
4.00
4.63
2.91
6.19
7.16
3.00
6.11
9.85
6.13
2.37
1.43
0.12
5.15
9.47
1.65
0.46
7.34
1.04
8.81
3.80
5.61
2.93
3.86
2.78
6.08
2.81
0.72
0.30
2.38
4.51
5.67
6.38
9.14
8.58
2.57
6.30
1.57
8.68
6.15
7.70
1.05
7.58
7.81
6.20
7.05
9.46
6.66
4.40
0.50
5.47
8.19
6.10
8.40
2.05
8.89
4.48
4.87
9.61
4.78
7.24
4.12
0.45
3.62
3.27
9.03
6.19
9.57
0.60
4.87
5.72
8.30
5.92
3.30
6.11
2.12
0.35
5.57
8.78
4.74
6.07
4.24
2.94
2.17
2.64
4.99
1.06
7.12
9.86
0.67
1.90
7.10
4.79
2.35
0.72
8.06
1.38
6.90
7.63
1.98
1.77
3.34
0.27
7.69
6.64
6.38
9.80
6.99
1.95
8.58
1.73
8.02
2.82
4.67
0.20
5.46
9.66
1.26
2.59
9.52
1.93
4.49
6.62
6.72
6.85
7.33
4.78
8.23
4.24
2.41
0.20
6.00
5.76
0.48
3.69
2.40
6.86
3.49
9.39
8.81
2.07
1.12
6.84
4.89
5.80
7.03
0.36
5.46
8.29
2.95
4.98
0.22
7.44
1.59
6.94
4.29
8.93
1.72
2.52
3.16
4.13
2.72
9.17
9.89
3.20
2.86
2.29
0.06
6.35
1.67
8.87
8.42
2.79
5.71
3.32
8.59
2.74
3.67
4.05
1.03
6.62
9.03
1.24
4.06
0.62
8.18
8.35
9.55
9.90
0.87
2.71
4.04
3.59
1.87
3.93
6.79
4.73
6.21
6.85
1.08
7.88
5.72
9.50
0.68
1.43
2.81
9.27
4.17
6.49
3.32
5.20
3.11
2.34
6.44
7.18
2.96
4.63
5.53
2.51
4.53
6.40
5.22
8.57
9.99
7.09
2.50
6.78
1.82
8.71
3.63
2.90
6.59
9.35
2.40
7.27
0.78
5.21
6.54
4.95
1.70
9.85
0.15
4.81
2.19
6.59
1.99
5.16
1.22
7.52
7.66
5.75
3.92
2.88
4.32
3.90
9.97
6.82
0.68
1.79
5.53
4.31
4.69
2.12
3.66
7.09
9.39
4.44
2.30
5.93
9.39
4.00
5.78
9.54
8.82
7.98
6.13
0.80
3.13
7.35
8.32
0.80
3.11
2.23
3.68
7.43
6.14
3.65
4.25
6.82
5.44
9.77
1.13
0.14
1.89
4.79
7.23
1.28
9.23
9.53
7.21
8.62
3.54
3.00
8.15
2.35
0.97
4.29
3.15
4.11
1.64
1.47
4.90
4.74
3.71
8.58
2.17
9.85
2.23
6.42
6.67
7.67
6.19
7.80
7.81
8.09
2.59
5.04
9.37
1.82
4.57
6.58
0.44
8.10
9.58
8.59
0.45
0.55
2.87
3.61
4.66
4.51
5.08
9.56
9.25
8.78
8.14
1.43
8.63
0.37
7.84
5.30
8.04
4.04
3.10
5.85
2.12
5.69
0.89
1.49
7.51
5.46
8.07
7.94
3.56
7.65
6.53
4.01
8.20
9.41
7.62
2.86
3.92
2.70
2.41
3.17
1.49
0.55
4.60
0.11
0.92
2.44
5.41
8.97
6.48
8.51
4.82
8.60
4.20
5.70
0.09
1.71
1.16
8.16
9.65
4.72
5.81
6.18
8.73
4.01
5.59
6.35
6.87
9.51
9.05
9.28
2.68
0.54
9.84
7.28
0.65
0.76
9.72
6.07
9.73
6.20
4.58
4.54
4.80
8.77
0.24
4.89
0.48
1.40
3.05
0.13
6.12
8.86
6.31
4.85
2.87
1.90
1.21
9.74
1.40
0.26
9.02
4.08
0.80
8.86
1.36
1.46
9.62
1.07
7.52
9.34
7.27
2.10
3.89
2.07
0.87
4.13
6.95
1.35
5.53
10.00
1.48
1.66
8.86
7.79
6.51
1.73
9.69
7.72
1.47
1.09
7.98
0.49
5.17
8.78
9.35
6.52
0.24
8.96
7.60
7.76
8.31
4.87
9.86
2.20
6.94
0.74
6.33
3.89
2.09
1.86
3.89
3.57
3.52
2.75
1.36
0.03
4.48
1.05
7.74
5.94
2.14
5.73
6.43
7.31
4.51
5.78
3.83
4.75
4.74
1.43
2.51
3.05
6.30
2.37
5.25
3.23
3.11
1.58
7.12
5.20
3.44
1.01
8.77
6.95
3.76
0.14
6.98
8.24
1.19
4.73
4.18
3.33
0.45
0.62
0.64
4.96
6.40
4.47
9.71
1.14
5.90
2.22
4.19
2.19
4.59
9.44
5.43
7.69
1.02
2.55
2.89
4.46
3.57
1.66
1.41
7.33
1.80
8.39
5.57
2.99
3.12
9.75
6.32
3.57
0.37
6.96
8.53
6.76
1.42
8.24
7.90
7.32
0.45
2.10
9.51
5.04
1.54
4.94
2.73
2.56
7.49
5.63
7.02
1.06
7.29
8.43
8.38
9.09
6.83
3.95
2.08
9.95
3.70
8.40
3.52
4.07
5.36
2.05
0.83
6.78
0.29
8.73
4.10
0.75
0.83
3.62
5.79
2.37
8.56
8.52
4.93
6.05
4.15
1.95
7.11
1.44
0.38
5.49
0.53
7.21
9.44
2.62
7.16
3.14
1.02
0.68
7.20
6.38
2.73
8.03
3.16
3.02
6.76
7.27
3.77
7.59
0.88
9.55
9.96
9.44
8.07
4.89
5.49
2.22
6.84
2.59
3.66
7.22
8.08
4.19
4.43
7.52
6.81
1.58
0.66
7.84
2.26
7.87
4.22
4.99
5.90
7.38
8.01
2.66
4.65
1.78
0.25
5.53
1.33
0.21
4.97
9.40
5.10
0.45
1.62
1.94
3.05
5.28
9.16
1.13
9.47
3.59
8.65
6.29
5.18
9.31
4.12
7.44
7.18
8.34
2.43
3.07
5.72
0.44
5.73
0.37
2.22
5.99
5.90
3.54
6.20
0.86
2.94
1.30
1.32
4.56
3.24
4.36
9.84
2.41
5.49
9.32
6.00
4.14
5.60
1.17
3.45
9.73
8.61
0.62
8.07
1.04
3.70
3.79
1.48
9.43
4.15
3.69
5.42
0.05
7.24
1.62
0.91
0.18
2.92
2.23
4.75
6.16
6.59
4.59
8.57
2.07
3.91
4.57
6.21
9.51
5.74
9.66
9.24
4.35
0.28
7.31
5.39
3.98
1.09
6.87
3.41
5.24
0.56
8.82
5.29
7.80
0.44
6.20
7.98
3.36
8.43
2.72
9.53
5.01
7.31
8.10
7.08
1.22
2.67
3.29
0.73
8.41
2.95
9.97
2.77
3.23
7.28
8.16
7.20
8.37
5.03
0.61
3.61
5.59
9.43
8.90
3.39
9.87
5.10
1.37
3.24
3.53
4.09
2.76
8.54
1.40
0.86
5.62
2.62
3.53
8.91
3.35
1.94
1.86
3.33
4.71
5.09
0.60
2.87
2.29
8.97
7.90
2.90
2.58
3.49
2.34
1.48
6.87
2.21
6.58
8.24
5.45
0.10
2.33
8.21
8.64
3.73
9.07
4.26
6.36
2.59
3.17
9.71
4.53
5.03
3.04
9.24
0.12
3.64
2.10
2.41
2.61
0.00
5.32
5.18
3.49
7.65
6.66
0.36
9.87
3.24
8.60
5.31
3.34
0.93
3.52
1.97
4.66
2.59
6.23
1.02
5.18
9.40
0.73
9.71
4.43
3.77
8.95
4.55
7.41
1.05
6.96
0.01
1.05
2.28
5.20
4.54
9.94
1.85
4.90
9.80
5.09
3.50
5.11
8.43
4.42
8.63
0.40
9.09
1.22
6.63
0.10
6.40
6.04
0.83
6.11
0.47
4.60
5.06
5.02
2.00
6.11
1.98
2.02
7.16
4.26
7.21
1.70
4.20
9.07
6.60
4.00
4.16
0.10
9.11
2.58
4.52
7.74
2.99
3.61
8.96
9.62
3.71
5.36
5.66
4.54
1.47
6.12
9.14
6.52
1.14
1.15
2.63
3.12
3.17
9.79
7.38
0.38
1.50
1.57
9.44
8.10
5.57
3.60
8.19
4.68
6.18
2.71
2.42
9.17
6.32
1.38
8.79
0.03
6.74
4.45
4.58
8.21
0.57
3.72
4.73
1.71
4.87
7.36
4.83
8.03
7.16
2.21
8.41
8.65
3.78
7.85
6.75
9.35
1.45
4.94
4.03
7.64
7.66
6.45
6.81
3.98
7.84
5.60
4.01
4.58
0.05
8.58
2.79
0.63
2.30
7.52
2.34
7.17
4.88
7.17
5.20
2.04
9.38
3.61
0.70
3.16
1.46
7.45
2.51
2.92
2.39
6.54
0.55
0.05
3.00
7.36
4.02
0.83
2.97
8.03
5.41
3.02
6.62
8.20
3.65
8.92
5.72
5.99
6.09
0.60
3.16
1.29
2.64
2.54
4.90
3.34
5.70
6.37
0.78
8.21
9.29
3.17
4.76
9.84
3.22
7.76
7.20
7.25
8.59
0.17
5.28
4.00
3.19
1.90
2.20
6.84
0.82
7.92
2.83
6.90
8.52
5.98
8.20
1.16
8.52
3.10
4.50
4.22
9.47
5.29
2.44
8.75
8.46
7.19
8.59
1.68
4.95
5.80
8.93
3.54
5.96
4.21
7.54
9.15
6.10
9.74
5.99
6.92
7.66
8.81
3.82
6.18
4.80
2.02
7.35
3.32
5.12
1.85
7.54
4.59
7.14
9.98
3.34
5.60
7.17
1.94
7.28
2.12
7.73
6.21
5.66
3.70
0.42
3.20
2.85
6.53
2.94
8.83
3.44
0.60
7.65
7.27
6.79
2.44
9.29
4.14
5.76
4.41
5.99
3.30
9.00
3.12
3.28
2.34
8.72
0.46
4.28
6.01
2.58
2.02
2.22
8.24
5.71
2.64
1.44
8.56
9.16
4.39
7.39
2.61
4.99
5.04
9.88
1.78
7.48
9.16
5.91
3.24
3.57
1.90
6.54
2.57
5.02
9.83
4.92
3.74
0.29
9.20
9.75
2.87
1.22
1.97
1.11
6.93
4.61
2.55
5.48
3.77
6.94
2.88
6.38
1.93
7.91
6.26
3.71
5.39
5.42
9.63
8.63
9.00
1.53
5.18
1.57
6.55
5.00
6.49
0.29
5.29
5.69
0.05
8.16
6.90
2.01
9.27
3.83
6.62
1.82
9.32
0.40
8.77
2.19
6.78
0.70
0.10
3.04
4.41
5.49
8.47
4.04
4.12
7.46
5.57
9.30
9.03
2.12
4.30
5.52
2.42
9.60
1.21
2.46
7.75
8.11
4.48
7.02
1.94
1.10
8.85
1.26
1.50
7.62
3.45
8.28
8.32
3.55
1.32
2.73
9.05
9.79
6.77
3.17
7.25
2.35
2.47
6.29
4.47
6.78
1.81
6.88
6.37
3.02
9.34
4.13
1.13
3.82
1.15
3.08
4.92
10.00
4.33
6.42
7.62
7.78
4.70
5.93
1.34
6.02
8.66
0.38
5.81
5.44
3.56
3.06
7.78
6.03
9.34
2.25
2.80
1.15
9.13
9.17
4.17
8.48
3.30
5.30
2.30
4.45
8.38
7.22
4.45
2.71
3.63
2.07
0.50
8.33
8.00
1.83
4.35
6.66
2.22
0.16
2.10
5.77
3.22
9.88
1.80
2.57
2.13
4.60
3.72
1.27
3.77
7.89
9.74
7.08
3.19
2.04
1.53
1.57
9.25
5.98
4.29
2.89
8.04
4.78
1.22
6.04
6.61
5.58
2.70
8.83
5.74
4.80
4.60
8.96
4.68
6.40
1.52
6.82
1.00
5.24
8.08
4.77
3.13
7.82
1.85
6.33
9.86
3.38
7.90
9.11
9.35
2.19
2.00
7.39
6.97
3.22
3.43
3.58
8.79
6.13
2.41
4.53
0.93
7.01
3.49
5.61
3.41
5.01
2.43
4.41
0.26
0.51
9.18
3.39
8.33
1.03
9.72
8.19
4.41
7.62
7.30
3.76
9.80
9.29
1.16
6.77
2.51
4.59
0.35
1.30
0.72
2.76
5.83
1.65
9.77
9.32
7.27
3.18
4.34
9.70
7.59
4.59
0.21
6.77
7.98
8.54
7.81
7.70
6.72
2.22
5.32
4.02
5.98
5.12
3.31
7.13
1.89
5.82
1.72
2.24
7.12
2.44
5.00
2.96
4.10
4.77
2.28
1.36
7.95
6.61
1.06
5.54
1.21
1.27
2.31
9.19
9.80
0.12
6.90
6.52
2.34
2.22
0.54
8.31
7.34
3.85
5.45
9.23
9.67
7.17
1.48
6.80
9.61
6.48
9.75
3.71
1.25
2.03
5.08
9.20
8.65
6.14
4.74
9.86
7.40
7.05
9.05
7.20
7.17
5.95
3.72
9.51
8.16
4.27
7.82
5.50
8.12
3.27
4.74
7.80
0.44
6.21
4.59
0.05
2.69
4.35
3.76
3.94
6.38
8.84
3.14
5.03
4.98
7.88
4.89
2.38
4.93
3.94
9.58
2.11
9.88
3.30
1.61
8.05
7.57
9.43
3.55
5.69
2.70
8.29
3.49
3.14
4.51
8.08
3.19
7.20
2.43
6.96
1.13
8.81
5.80
4.27
3.84
0.77
2.15
8.73
3.15
7.09
2.66
2.73
9.19
2.55
6.04
0.81
0.60
3.61
0.24
4.15
9.30
2.94
2.44
2.79
6.08
6.95
0.87
9.27
4.14
3.30
6.23
5.28
2.11
2.03
9.55
5.95
2.80
1.71
4.68
5.96
8.80
7.34
8.69
7.99
9.89
4.73
8.79
0.49
8.34
9.03
4.64
7.64
1.97
7.09
0.43
8.05
4.04
1.30
7.33
8.18
4.60
3.56
3.46
6.71
5.59
3.01
2.66
8.39
4.72
7.33
4.35
3.52
4.68
3.04
1.51
4.57
7.77
0.30
5.06
6.10
9.33
9.70
3.74
1.30
6.78
4.17
9.36
0.82
5.47
6.68
9.00
0.07
0.24
2.46
6.78
5.83
5.47
9.43
4.22
0.20
6.77
8.56
3.71
1.44
1.60
5.22
6.01
9.37
5.52
1.06
5.47
4.85
0.76
9.21
6.15
7.55
3.39
5.51
8.37
8.86
2.20
7.37
8.93
2.44
9.83
5.71
8.27
5.30
5.14
2.48
5.50
1.91
1.05
9.21
3.35
2.65
4.43
9.35
2.01
9.95
0.42
7.48
4.80
1.18
6.70
0.95
8.73
0.09
6.46
7.10
8.95
8.66
4.46
7.88
1.09
4.29
3.59
9.36
9.59
8.73
1.84
5.09
0.63
2.89
4.29
3.98
5.54
8.72
3.33
7.55
8.67
3.75
5.03
3.46
4.94
1.73
4.41
3.67
1.82
0.87
0.76
0.77
9.53
5.23
8.65
0.63
9.52
2.24
9.98
9.11
0.97
1.83
4.19
1.60
4.72
8.49
5.59
0.26
7.21
8.92
7.81
5.88
2.67
2.84
9.34
7.61
4.58
3.76
1.28
6.40
4.63
2.04
7.17
4.16
7.27
5.82
4.79
6.79
8.06
4.77
5.89
9.03
6.60
0.09
0.63
1.32
8.58
6.22
1.57
5.79
5.14
9.38
1.67
7.81
2.22
1.01
5.42
6.80
4.76
6.70
3.20
9.39
8.74
0.36
3.56
6.00
6.18
8.34
2.79
4.24
3.11
8.68
3.27
9.71
8.77
3.90
1.03
7.35
0.12
2.60
3.14
5.26
1.98
4.80
3.07
4.20
5.81
8.49
1.00
0.57
5.19
4.20
9.97
3.93
4.56
3.52
9.93
0.74
1.87
2.72
4.98
4.98
1.40
8.25
4.69
0.17
2.15
5.72
7.52
2.27
8.32
0.65
7.53
0.30
5.46
0.60
4.51
1.27
9.09
5.51
1.84
4.29
9.71
1.81
8.21
4.27
5.33
8.15
5.01
7.19
0.87
9.99
2.17
2.27
8.24
6.86
2.44
0.39
2.58
9.96
2.66
0.90
0.61
0.19
1.20
6.07
0.79
5.71
7.33
9.88
1.22
9.17
4.17
0.93
0.98
2.39
5.20
6.31
0.53
0.21
3.50
1.40
0.20
5.67
3.66
8.44
2.54
6.10
8.83
5.12
6.06
1.49
6.02
6.67
1.68
7.22
2.74
2.47
2.92
0.08
2.36
4.14
9.25
6.53
5.07
0.23
8.91
0.26
6.53
9.45
0.47
0.04
0.84
0.67
5.71
4.50
9.11
8.25
0.61
7.94
3.36
6.67
9.43
9.38
3.34
1.11
6.59
6.08
3.59
9.52
6.16
5.95
3.66
5.40
2.48
8.73
5.63
1.39
8.99
2.17
0.84
9.46
2.20
1.68
0.13
7.91
6.18
9.24
6.16
6.79
7.18
9.52
3.45
6.61
8.90
6.79
7.72
5.49
2.87
1.31
5.01
9.02
7.25
8.67
4.43
9.73
7.40
0.06
1.12
6.39
2.22
1.95
5.85
4.43
3.63
5.98
2.34
9.81
5.22
8.50
6.60
2.39
8.02
0.05
9.00
6.91
6.84
6.72
2.41
9.71
8.03
7.42
8.73
5.28
6.09
3.16
5.01
3.48
3.22
6.12
9.87
5.44
8.08
5.72
9.87
1.70
1.70
2.21
1.51
6.92
0.70
8.11
9.31
8.72
8.16
8.31
5.63
5.00
5.03
8.04
4.70
3.06
5.45
3.44
8.34
1.54
6.60
3.35
5.02
9.81
9.47
4.89
5.26
7.54
0.61
5.12
9.25
2.32
7.33
0.76
9.24
8.03
8.87
8.55
6.75
7.03
6.87
2.38
2.03
1.90
0.42
6.73
4.96
5.87
0.17
3.30
7.41
6.76
6.65
2.43
6.58
6.12
7.32
1.84
3.66
7.93
6.96
2.91
0.25
4.29
3.68
9.49
2.32
2.55
8.04
9.07
9.58
4.91
1.45
1.61
6.81
1.87
8.35
1.78
7.74
8.52
5.08
5.15
5.28
1.73
7.57
1.86
7.85
4.89
3.70
1.52
2.83
0.66
4.43
3.08
4.95
8.11
2.57
7.27
0.66
0.61
6.34
0.24
5.52
7.79
1.85
2.34
9.66
0.20
4.12
7.39
8.72
9.20
2.54
4.00
0.93
0.11
5.86
8.78
5.01
9.55
0.30
7.83
0.21
4.73
0.91
5.15
2.83
3.48
2.42
3.49
4.10
8.76
3.73
9.62
6.55
5.58
1.96
6.20
5.78
6.08
3.60
4.50
5.27
6.14
8.50
6.20
6.25
4.35
4.99
1.26
3.91
5.28
9.09
4.12
0.01
0.00
9.27
2.84
3.48
1.69
6.33
7.58
0.45
0.05
7.20
7.00
5.63
9.17
3.20
1.41
5.24
6.80
5.91
0.52
2.94
4.40
6.72
9.19
8.75
1.71
0.44
2.66
6.99
9.53
6.78
7.00
9.53
6.05
9.84
3.02
7.75
6.16
0.60
8.20
6.22
7.80
5.20
1.85
6.97
8.41
3.26
2.21
5.21
9.16
2.73
8.14
3.56
9.45
7.33
2.32
1.16
7.77
4.98
8.14
7.30
1.76
5.14
6.83
7.82
4.98
9.85
5.57
1.15
0.45
3.77
7.36
8.25
8.97
9.21
5.22
7.38
2.47
7.43
2.58
1.63
0.16
0.73
5.20
9.61
8.06
7.51
0.76
5.83
2.50
8.91
3.13
4.26
4.05
9.96
2.08
9.03
9.81
7.64
0.18
0.26
1.41
7.54
8.51
0.39
6.75
3.73
7.76
9.22
1.16
0.34
0.85
1.32
1.07
6.05
0.92
9.13
3.56
1.68
4.95
6.06
0.59
8.08
0.32
4.64
8.04
2.39
3.67
7.86
0.04
3.84
8.12
1.45
1.38
6.63
1.84
8.13
0.37
9.60
7.35
1.53
9.94
8.21
2.85
1.01
4.25
3.77
0.14
7.81
5.45
5.09
3.87
6.04
3.17
4.19
0.68
1.22
6.58
4.35
9.08
6.62
8.19
7.20
8.07
9.57
3.83
9.91
7.71
4.19
9.51
5.06
5.72
9.45
3.27
8.57
0.46
7.52
2.33
0.60
5.33
7.79
5.69
9.21
3.83
8.87
3.39
4.51
0.08
9.97
8.86
9.16
6.59
7.05
6.35
4.66
6.62
0.18
4.57
4.33
4.37
4.07
9.39
0.09
3.52
2.65
8.66
3.98
0.17
0.99
4.58
5.51
8.78
0.28
4.72
2.61
9.14
8.11
7.12
9.22
8.08
5.97
8.38
4.67
3.02
4.74
9.33
9.64
4.92
3.90
3.96
9.29
7.97
3.35
9.39
1.49
6.01
8.05
5.47
6.18
9.04
0.05
1.69
7.82
0.33
6.40
0.43
9.47
4.51
7.55
8.69
2.59
3.53
7.07
7.26
6.55
1.81
6.60
6.18
6.73
0.49
0.15
6.02
8.46
3.50
5.41
9.95
9.50
3.45
5.42
5.68
2.50
5.47
7.37
0.32
5.79
3.78
0.75
5.26
8.29
8.30
3.95
0.88
1.83
1.03
8.15
8.38
2.83
4.74
4.56
9.56
5.23
4.71
5.58
3.69
8.21
0.99
3.64
7.71
4.44
9.06
3.40
6.94
4.52
0.77
7.26
0.32
4.55
8.01
5.58
2.84
6.31
9.53
3.72
8.14
0.56
1.87
6.52
3.39
6.61
1.08
2.95
1.84
5.78
8.53
5.54
3.99
9.52
9.18
1.70
3.96
8.23
5.10
0.90
2.75
5.87
8.16
3.07
0.41
6.17
8.65
3.25
2.48
8.18
6.97
0.63
8.73
8.83
7.14
2.12
5.44
8.22
5.07
7.28
4.00
3.61
2.82
8.00
3.13
1.99
9.70
7.09
0.22
4.79
8.00
2.98
0.66
6.16
6.05
1.07
2.32
4.70
4.32
4.81
2.88
1.28
5.43
1.61
0.11
2.57
3.73
5.55
0.80
8.81
2.83
4.80
2.42
5.65
2.80
5.54
7.64
2.49
2.64
7.87
7.28
0.63
0.84
7.94
6.79
6.89
9.01
9.11
1.59
3.33
3.92
4.47
4.61
9.35
6.08
4.72
1.92
9.81
0.27
2.72
8.62
3.11
7.52
1.03
8.76
0.31
6.58
6.40
2.81
9.22
4.27
0.09
9.85
5.11
8.03
6.64
2.00
7.04
5.75
3.59
0.36
9.67
8.06
4.97
9.02
4.13
9.69
0.94
3.94
9.97
3.66
2.56
3.07
1.18
3.59
1.83
1.49
0.17
8.23
4.30
9.39
2.50
4.39
9.23
7.61
2.42
5.87
9.61
9.45
1.62
3.20
9.82
1.29
1.26
4.79
0.31
5.39
4.48
1.25
9.34
4.44
4.91
1.90
7.52
6.09
5.49
9.35
7.59
5.66
7.59
1.89
5.05
0.09
6.27
4.28
7.69
8.69
0.15
7.30
8.14
1.77
0.51
7.96
3.06
1.77
2.75
3.37
7.16
7.23
4.62
6.50
1.67
9.54
8.40
9.19
5.63
3.89
8.54
3.21
9.55
6.13
5.10
4.60
6.21
1.37
8.88
3.91
0.07
9.03
1.21
8.21
0.80
1.72
6.17
3.87
3.48
8.92
7.24
0.64
6.14
1.86
7.14
7.81
1.40
5.54
7.00
7.03
9.43
5.54
0.24
8.98
1.67
5.34
3.58
7.89
6.72
2.46
1.79
6.78
1.49
3.00
4.99
2.29
4.72
1.16
6.16
8.20
0.08
3.40
8.84
6.22
5.26
5.98
4.03
6.66
1.52
1.03
3.69
0.95
6.57
3.93
9.93
8.25
9.27
3.51
6.13
5.98
5.96
7.92
2.77
7.45
0.93
7.76
9.74
5.65
8.92
5.90
3.85
8.99
9.29
2.69
5.21
4.55
8.67
9.24
1.21
0.20
0.27
4.90
1.15
6.85
8.83
1.08
5.09
8.09
4.58
1.22
4.08
0.55
9.15
6.84
7.99
0.07
4.60
7.73
5.72
3.52
3.63
9.57
2.51
2.92
2.25
7.72
7.47
0.93
6.96
8.69
1.12
7.23
3.59
2.27
4.08
2.42
3.35
9.17
0.51
7.93
0.39
4.59
8.48
9.54
1.43
6.47
9.62
6.03
4.20
5.34
9.55
7.83
4.90
2.06
0.75
7.16
9.77
8.22
8.08
6.73
6.91
9.21
3.96
0.50
1.48
8.04
2.91
4.83
7.21
3.42
2.76
7.60
8.01
1.24
7.15
9.44
7.71
6.76
5.47
1.91
2.10
5.02
9.73
7.00
7.08
0.48
4.16
6.85
8.70
2.24
3.58
5.61
1.45
7.55
6.10
2.93
5.59
9.02
7.76
2.79
2.44
0.52
0.40
0.45
1.76
7.54
9.89
9.46
4.31
5.36
1.37
6.41
0.38
1.10
3.41
7.46
1.58
7.56
4.31
0.27
9.80
7.89
5.88
1.25
5.44
1.98
4.18
1.02
1.00
1.94
3.82
3.44
2.46
4.22
3.88
4.22
1.76
3.77
3.68
6.07
9.13
5.04
2.47
9.51
6.14
5.88
6.97
7.72
3.44
1.28
8.00
3.24
9.18
3.88
4.50
4.61
5.86
8.68
5.64
6.86
0.62
9.46
0.30
3.08
3.67
4.18
7.30
5.43
7.95
0.98
1.50
7.08
6.02
3.97
6.60
2.16
9.85
3.57
9.89
3.29
4.85
7.88
6.54
4.03
1.76
1.03
8.65
7.62
9.72
4.28
4.48
0.34
3.74
4.78
3.42
7.41
